     1   110   109    1
     2   109   107    1
     3   104   102    1
     4   102   103    1
     5   102   105    1
     6   102   100    1
     7   107   108    1
     8   107   100    1
     9   107   111    1
    10   138   137    1
    11   113   111    1
    12   113   114    1
    13   112   111    1
    14   101   100    1
    15   105   106    1
    16   100    99    1
    17   111   115    1
    18   137   135    1
    19   141   142    1
    20   141   139    1
    21   140   139    1
    22    99    97    1
    23   139   135    1
    24   139   143    1
    25   135   136    1
    26   135   128    1
    27   167   166    1
    28   115   116    1
    29   115    97    1
    30   115   117    1
    31   152   149    1
    32   120   119    2
    33   164   163    1
    34   132   130    1
    35   148   147    2
    36    98    97    1
    37    97    96    1
    38   151   149    1
    39   117   119   am
    40   117   118    1
    41   119   121    1
    42   147   149    1
    43   147   145   am
    44   166   163    1
    45   149   150    1
    46   165   163    1
    47   129   128    1
    48   124   121    1
    49   128   130    1
    50   128   127    1
    51   163   161    1
    52   130   131    1
    53   130   133    1
    54    95    94    1
    55   145   143    1
    56   145   146    1
    57   143   144    1
    58   143   125    1
    59   121   123    1
    60   121   122    1
    61   169   170    1
    62   169   159    1
    63    94    80    1
    64    96    78    1
    65    79    78    1
    66   127   125    1
    67   133   134    1
    68   126   125    1
    69   125    68    1
    70   160   159    1
    71   161   159    1
    72   161   162    1
    73   161   168    1
    74   159   157    1
    75    78    80    1
    76    78    76    1
    77    80    81    1
    78    80    82    1
    79   168   153    1
    80    77    76    1
    81    93    92    1
    82    68    66    1
    83    83    82    1
    84    76    75    1
    85    76    91    1
    86   157   158    1
    87   157   171    1
    88   157   155    1
    89    82    92    1
    90    82    84    1
    91   171   172    1
    92    63    62    1
    93    75    69    1
    94    67    66    1
    95   153   155    1
    96   153    65    1
    97   153   154    1
    98    66    69    1
    99    66    60    1
   100    91    84    1
   101   155   173    1
   102   155   156    1
   103   173   174    1
   104    65    62    1
   105    84    85    1
   106    84    86    1
   107   193   192    1
   108   200   198    1
   109    62    60    1
   110    62    64    1
   111    69    70    1
   112    69    71    1
   113   199   198    1
   114   197   196    2
   115    60    61    1
   116    60    59    1
   117   196   198    1
   118   196   194   am
   119   198   201    1
   120    88    86    1
   121   174   192    1
   122   174   176    1
   123   174   175    1
   124   192   194    1
   125   192   188    1
   126   176   177    1
   127   194   195    1
   128    86    87    1
   129    86    89    1
   130    73    71    1
   131    73    74    1
   132   183   182    1
   133   180   179    1
   134    71    72    1
   135    71    57    1
   136   185   184    1
   137   191   190    1
   138    59    57    1
   139   190   188    1
   140   182   179    1
   141   188   184    1
   142   188   189    1
   143   179   177    1
   144   179   181    1
   145   177   184    1
   146   177   178    1
   147   184   186    1
   148    89    90    1
   149    57    58    1
   150    57    56    1
   151   186   187    1
   152    56    40    1
   153    37    35    1
   154    44    45    1
   155    44    42    1
   156    41    40    1
   157    40    42    1
   158    40    33    1
   159    36    35    1
   160    35    33    1
   161    35    38    1
   162    42    43    1
   163    42    46    1
   164    33    34    1
   165    33    32    1
   166    51    50    2
   167    38    39    1
   168    47    46    1
   169    46    48    1
   170    46    30    1
   171    32    30    1
   172    50    48   am
   173    50    52    1
   174    48    49    1
   175    30    31    1
   176    30    29    1
   177    55    52    1
   178    54    52    1
   179    52    53    1
   180    29    19    1
   181    17    18    1
   182    17    15    1
   183    20    19    1
   184    19    15    1
   185    19    21    1
   186    24    23    1
   187    15    16    1
   188    15     5    1
   189    26    23    1
   190    26    27    1
   191    14     9    2
   192    23    21    1
   193    23    25    1
   194    21    22    1
   195    21    28    1
   196     6     5    1
   197     9     7   am
   198     9    10    1
   199    13    10    1
   200     5     7    1
   201     5     3    1
   202    12    10    1
   203     7     8    1
   204    10    11    1
   205    28     3    1
   206     3     2    1
   207     3     4    1
   208     2     1    1