     1     1     2    1
     2     2     3    1
     3     3     4    1
     4     3     5    1
     5     3    28    1
     6     5     6    1
     7     5     7    1
     8     5    15    1
     9     7     8    1
    10     7     9   am
    11     9    10    1
    12     9    14    2
    13    10    11    1
    14    10    12    1
    15    10    13    1
    16    15    16    1
    17    15    17    1
    18    15    19    1
    19    17    18    1
    20    19    20    1
    21    19    21    1
    22    19    29    1
    23    21    22    1
    24    21    23    1
    25    21    28    1
    26    23    24    1
    27    23    25    1
    28    23    26    1
    29    26    27    1
    30    29    30    1
    31    30    31    1
    32    30    32    1
    33    30    46    1
    34    32    33    1
    35    33    34    1
    36    33    35    1
    37    33    40    1
    38    35    36    1
    39    35    37    1
    40    35    38    1
    41    38    39    1
    42    40    41    1
    43    40    42    1
    44    40    56    1
    45    42    43    1
    46    42    44    1
    47    42    46    1
    48    44    45    1
    49    46    47    1
    50    46    48    1
    51    48    49    1
    52    48    50   am
    53    50    51    2
    54    50    52    1
    55    52    53    1
    56    52    54    1
    57    52    55    1
    58    56    57    1
    59    57    58    1
    60    57    59    1
    61    57    72    1
    62    59    60    1
    63    60    61    1
    64    60    62    1
    65    60    66    1
    66    62    63    1
    67    62    64    1
    68    62    65    1
    69    65   147    1
    70    66    67    1
    71    66    68    1
    72    66    70    1
    73    68    69    1
    74    70    71    1
    75    70    72    1
    76    70    76    1
    77    72    73    1
    78    72    74    1
    79    74    75    1
    80    76    77    1
    81    77    78    1
    82    77    79    1
    83    77    92    1
    84    79    80    1
    85    79    81    1
    86    79    97    1
    87    81    82    1
    88    81    83    1
    89    81    95    1
    90    83    84    1
    91    83    85    1
    92    83    93    1
    93    85    86    1
    94    85    87    1
    95    85    92    1
    96    87    88    1
    97    87    89    1
    98    87    90    1
    99    90    91    1
   100    93    94    1
   101    95    96    1
   102    97    98    1
   103    98    99    1
   104    98   100    1
   105    98   114    1
   106   100   101    1
   107   101   102    1
   108   101   103    1
   109   101   108    1
   110   103   104    1
   111   103   105    1
   112   103   106    1
   113   106   107    1
   114   108   109    1
   115   108   110    1
   116   108   124    1
   117   110   111    1
   118   110   112    1
   119   110   114    1
   120   112   113    1
   121   114   115    1
   122   114   116    1
   123   116   117    1
   124   116   118   am
   125   118   119    2
   126   118   120    1
   127   120   121    1
   128   120   122    1
   129   120   123    1
   130   124   125    1
   131   125   126    1
   132   125   127    1
   133   125   143    1
   134   127   128    1
   135   128   129    1
   136   128   130    1
   137   128   135    1
   138   130   131    1
   139   130   132    1
   140   130   133    1
   141   133   134    1
   142   135   136    1
   143   135   137    1
   144   135   139    1
   145   137   138    1
   146   139   140    1
   147   139   141    1
   148   139   143    1
   149   141   142    1
   150   143   144    1
   151   143   145    1
   152   145   146    1
   153   147   148    1
   154   147   149    1
   155   147   161    1
   156   149   150    1
   157   149   151    1
   158   149   166    1
   159   151   152    1
   160   151   153    1
   161   151   164    1
   162   153   154    1
   163   153   155    1
   164   153   162    1
   165   155   156    1
   166   155   157    1
   167   155   161    1
   168   157   158    1
   169   157   159    1
   170   157   160    1
   171   160   216    1
   172   162   163    1
   173   164   165    1
   174   166   167    1
   175   167   168    1
   176   167   169    1
   177   167   183    1
   178   169   170    1
   179   170   171    1
   180   170   172    1
   181   170   177    1
   182   172   173    1
   183   172   174    1
   184   172   175    1
   185   175   176    1
   186   177   178    1
   187   177   179    1
   188   177   193    1
   189   179   180    1
   190   179   181    1
   191   179   183    1
   192   181   182    1
   193   183   184    1
   194   183   185    1
   195   185   186    1
   196   185   187   am
   197   187   188    2
   198   187   189    1
   199   189   190    1
   200   189   191    1
   201   189   192    1
   202   193   194    1
   203   194   195    1
   204   194   196    1
   205   194   212    1
   206   196   197    1
   207   197   198    1
   208   197   199    1
   209   197   204    1
   210   199   200    1
   211   199   201    1
   212   199   202    1
   213   202   203    1
   214   204   205    1
   215   204   206    1
   216   204   208    1
   217   206   207    1
   218   208   209    1
   219   208   210    1
   220   208   212    1
   221   210   211    1
   222   212   213    1
   223   212   214    1
   224   214   215    1
   225   216   217    1
   226   216   218    1
   227   216   231    1
   228   218   219    1
   229   219   220    1
   230   219   221    1
   231   219   226    1
   232   221   222    1
   233   221   223    1
   234   221   224    1
   235   224   225    1
   236   226   227    1
   237   226   228    1
   238   226   229    1
   239   228   242    1
   240   229   230    1
   241   229   231    1
   242   229   241    1
   243   231   232    1
   244   231   233    1
   245   233   234    1
   246   233   235   am
   247   235   236    2
   248   235   237    1
   249   237   238    1
   250   237   239    1
   251   237   240    1
   252   241   300    1
   253   242   243    1
   254   242   244    1
   255   242   258    1
   256   244   245    1
   257   245   246    1
   258   245   247    1
   259   245   252    1
   260   247   248    1
   261   247   249    1
   262   247   250    1
   263   250   251    1
   264   252   253    1
   265   252   254    1
   266   252   256    1
   267   254   255    1
   268   256   257    1
   269   256   258    1
   270   256   262    1
   271   258   259    1
   272   258   260    1
   273   260   261    1
   274   262   263    1
   275   263   264    1
   276   263   267    1
   277   263   289    1
   278   264   265   ar
   279   264   266   ar
   280   267   268    1
   281   267   269    1
   282   267   270    1
   283   270   271    1
   284   270   272    1
   285   270   298    1
   286   272   273    1
   287   272   274    1
   288   272   290    1
   289   274   275    1
   290   274   276    1
   291   274   289    1
   292   276   277    1
   293   276   278    1
   294   276   287    1
   295   278   279    1
   296   278   280    1
   297   278   285    1
   298   280   281    1
   299   280   282    1
   300   280   283    1
   301   283   284    1
   302   285   286    1
   303   287   288    1
   304   290   291    1
   305   290   292   am
   306   292   293    1
   307   292   297    2
   308   293   294    1
   309   293   295    1
   310   293   296    1
   311   298   299    1
   312   300   301    1
   313   300   302    1
   314   300   317    1
   315   302   303    1
   316   303   304    1
   317   303   305    1
   318   303   309    1
   319   305   306    1
   320   305   307    1
   321   305   308    1
   322   309   310    1
   323   309   311    1
   324   309   313    1
   325   311   312    1
   326   313   314    1
   327   313   315    1
   328   313   317    1
   329   315   316    1
   330   317   318    1
   331   317   319    1
   332   319   320    1