     1    1    2 1
     2    2    3 1
     3    3    4 1
     4    3    5 1
     5    5    6 1
     6    5    7 1
     7    7    8 1
     8    7    9 am
     9    9   10 1
    10   10   11 1
    11   10   12 1
    12   10   13 1
    13    9   14 2
    14    5   15 1
    15   15   16 1
    16   15   17 1
    17   17   18 1
    18   15   19 1
    19   19   20 1
    20   19   21 1
    21   21   22 1
    22   21   23 1
    23   23   24 1
    24   23   25 1
    25   23   26 1
    26   26   27 1
    27   21   28 1
    28    3   28 1
    29   19   29 1
    30   29   30 1
    31   30   31 1
    32   30   32 1
    33   32   33 1
    34   33   34 1
    35   33   35 1
    36   35   36 1
    37   35   37 1
    38   35   38 1
    39   38   39 1
    40   33   40 1
    41   40   41 1
    42   40   42 1
    43   42   43 1
    44   42   44 1
    45   44   45 1
    46   42   46 1
    47   30   46 1
    48   46   47 1
    49   46   48 1
    50   48   49 1
    51   48   50 am
    52   50   51 2
    53   50   52 1
    54   52   53 1
    55   52   54 1
    56   52   55 1
    57   40   56 1
    58   56   57 1
    59   57   58 1
    60   57   59 1
    61   59   60 1
    62   60   61 1
    63   60   62 1
    64   62   63 1
    65   62   64 1
    66   62   65 1
    67   60   66 1
    68   66   67 1
    69   66   68 1
    70   66   69 1
    71   69   70 1
    72   69   71 1
    73   57   71 1
    74   71   72 1
    75   71   73 1
    76   73   74 1
    77   69   75 1
    78   75   76 1
    79   76   77 1
    80   76   78 1
    81   78   79 1
    82   78   80 1
    83   80   81 1
    84   80   82 1
    85   82   83 1
    86   82   84 1
    87   84   85 1
    88   84   86 1
    89   86   87 1
    90   86   88 1
    91   86   89 1
    92   89   90 1
    93   76   91 1
    94   84   91 1
    95   82   92 1
    96   92   93 1
    97   80   94 1
    98   94   95 1
    99   78   96 1
   100   96   97 1
   101   97   98 1
   102   97   99 1
   103   99  100 1
   104  100  101 1
   105  100  102 1
   106  102  103 1
   107  102  104 1
   108  102  105 1
   109  105  106 1
   110  100  107 1
   111  107  108 1
   112  107  109 1
   113  109  110 1
   114  107  111 1
   115  111  112 1
   116  111  113 1
   117  113  114 1
   118  111  115 1
   119   97  115 1
   120  115  116 1
   121  115  117 1
   122  117  118 1
   123  117  119 am
   124  119  120 2
   125  119  121 1
   126  121  122 1
   127  121  123 1
   128  121  124 1
   129   68  125 1
   130  125  126 1
   131  125  127 1
   132  127  128 1
   133  128  129 1
   134  128  130 1
   135  130  131 1
   136  130  132 1
   137  130  133 1
   138  133  134 1
   139  128  135 1
   140  135  136 1
   141  135  137 1
   142  137  138 1
   143  135  139 1
   144  139  140 1
   145  139  141 1
   146  141  142 1
   147  139  143 1
   148  125  143 1
   149  143  144 1
   150  143  145 1
   151  145  146 1
   152  145  147 am
   153  147  148 2
   154  147  149 1
   155  149  150 1
   156  149  151 1
   157  149  152 1
   158   65  153 1
   159  153  154 1
   160  153  155 1
   161  155  156 1
   162  155  157 1
   163  157  158 1
   164  157  159 1
   165  159  160 1
   166  159  161 1
   167  161  162 1
   168  161  163 1
   169  163  164 1
   170  163  165 1
   171  163  166 1
   172  166  167 1
   173  161  168 1
   174  153  168 1
   175  159  169 1
   176  169  170 1
   177  157  171 1
   178  171  172 1
   179  155  173 1
   180  173  174 1
   181  174  175 1
   182  174  176 1
   183  176  177 1
   184  177  178 1
   185  177  179 1
   186  179  180 1
   187  179  181 1
   188  179  182 1
   189  182  183 1
   190  177  184 1
   191  184  185 1
   192  184  186 1
   193  186  187 1
   194  184  188 1
   195  188  189 1
   196  188  190 1
   197  190  191 1
   198  188  192 1
   199  174  192 1
   200  192  193 1
   201  192  194 1
   202  194  195 1
   203  194  196 am
   204  196  197 2
   205  196  198 1
   206  198  199 1
   207  198  200 1
   208  198  201 1